#1 3 28
#2 2 11 18 24 38 50
#3 4 5 6 7 9 10 18 20 29 31 61
#4 5 27
#5 1 3 4 9 16 20 41 43 64
#6 3 12 13 77
#7 3 14 17 24 25
#8 9 24 26 77
#9 1 3 9 10 11 12 14 19 28 34 66
#10 5 28 61
#11 3 6 7 38 40 42
#12 9 10 23
#13 14 16 25 59
#14 1 2 15
#15 1 5
#16 28 29 30 37
#17 2 7 16 23 24 26 32 34 40 42
#18 1 10 39
#19 9 25 26 52 69
#20 5 7 11 21 24 45 52
#21 4 6 7 10 17 20 51
#22 2 5 31
#23 16 39
#24 1 9 11 18 25 33 38 43
#25 3 4 6 9 24 28 30 50
#26 18 24 33 54
#27 2 5 18 27 39 56
#28 1 6 25 29 33 39
#29 4 14 16 20 32 36
#30 1 4 15 19 20 26 45 49
#31 29 47
#32 8 28
#33 1 12 35 46 60
#34 9 17 30 49
#35 1 12
#36 1 6 8 11 17
#37 1 4 6 15 29 34 45
#38 1 12 15 17 25 35
#39 1 3 4 13 16 23 37 40 57 77
#40 2 6 8 10 11
#41 2 16 25 41
#42 1 7 28
#43 8 13 15 22
#44 8 12 31
#45 13 41
#46 7 11 14 16 28 34 58
#47 2 11
#48 4 5 8 13 16 20 25 27 28 36
#49 12 13 17 36
#50 1 20 21 75
#51 10 11 25 29 30
#52 4 6 9 17 22 27 34
#53 16 19
#54 1 2 12 29 33
#55 2 3 5 6 8 10 15 23 39 45 50
#56 2 4 8 9 13 15 20 22
#57 7 14 19
#58 6 11
#59 4 13 49
#60 8 9
#61 3 4 5 14 27 51 54
#62 12 25 29 52
#63 4 5 7 19 22 26 48 65
#64 2 13 24 25 30
#65 1 6 8
#66 15 17 26 27 33 48 56
#67 2 5 16 19 21 25 31
#68 3 6
#69 4 12 45
#70 2 3 6 10 15
#71 6 38
#72 27 63
#73 7 14 25 52
#74 1 2 4 15 16 29 32 43
#75 1 3
#76 4 6 13 20 26 30 38 41 42 66
#77 1 27
#78 2 6 21 35 48
#79 7 9 11 12 36
#80 5 14 15 25
#81 2 6 15 31 47
#82 1 8 13 14 15 18 59
#83 1 10 11 12 20 57
#84 11 12 24 25 50
#85 1 3 10 16 18 23
#86 5 13 20 27 41 42
#87 1 5 15 32 57 75
#88 1 4 8 12 43 63 68
#89 2 3 14 20 23 24 39 46 52 53
#90 5 11 22
#91 3 4 9 13 20 24 30 34 61 70
#92 1 3
#93 1 3 6 17 20 26 39 43 45 48 71
#94 7 18 23
#95 2 4 10 11 18 21 38
#96 1 6 16 18 24 32 73
#97 1 52
#98 2 8 9 14
#99 3 14 26 27 43 62
#100 4 6 10 14 18 22 23 24
#101 3 4 11
#102 1 26
#103 1 5 12
#104 2 10 15 20 27 55
#105 2 8 19
#106 4 6 7
#107 1 4 10 34
#108 1 4
#109 1 5 6 9 10 18
#110 1 4
#111 4 9 25
#112 1 5 16
#113 8 9 10 21
#114 1 12
#115 1 4 12
#116 1 6 7 11 16
#117 1 14
#118 1 2 3 4 6 13 17
#119 2 3 5 9 11 18
#120 3 4 5 7 19
#121 1 11
#122 4 12
#123 1 3 5 6 22
#124 1 2 6 11
#125 2 4 14 19
#126 4 6 9 10 13 20 22 36
#127 2 7 11
#128 4 13
#129 4 20
#130 3 4 5 6 10 12 17 19
#131 3 11 18
#132 1 3 4
#133 4 12 22
#134 1 9 15 19
#135 5 7 10
#136 2 3 4 15 57
#137 4 7 9
#138 1 3 10 13 25 26
#139 2 3 7 11 15 20
#140 2 8 14
#141 5 12
#142 3 8 10 11
#143 1 4 6 17 27
#144 4 21
#145 1 3 4 10
#146 2 6 9 10 13 18 24
#147 5 8 11
#148 1 7 13 16 50
#149 1 2 4
#150 7 14
#151 1 2 9 11 28
#152 11 12 15 41
#153 5 12
#154 1 9 13 17
#155 1 8 10 19
#156 3 7
#157 2 4
#158 4 7 10 16 18 19
#159 1 4
#160 6 18 22 26 34
#161 1 2 3 9 12 19 32 42
#162 2 3 4 6 17 18 28 40
#163 2 11 12 19 27
#164 1 18
#165 10 11 14
#166 2 6 8 9 10 12 16 17 18 32
#167 4 13
#168 1 4 7 61
#169 1 2 3 7 11 18 19
#170 1 24
#171 1 2 3 5 6 7 10 15 54
#172 1 5
#173 2 4 5 6 7 8 11 16 19 21
#174 1 2 12 13 22
#175 2 3 4 19
#176 15 16 21
#177 1 4 6 8 13 14 15 33
#178 7 11 15 31
#179 3 12 14
#180 1 3 6 37
#181 1 2 3 7
#182 1 4 8 9 14 15
#183 3 33
#184 2 3 4 10 20
#185 7 13 14 17 28
#186 2 3 5 6 8 19 25 27
#187 4 6 37
#188 1 2 3 4 5 6 11 13 14 15 18
#189 3 6
#190 5 8 9 32
#191 3 5 11 14
#192 3 4 5 9 16
#193 1 10
#194 3 9 14 15
#195 1 5 7 16
#196 4 6 7 11 12
#197 2 3 4 7 8 9 14 23 27
#198 2 6
#199 4 6 9
#200 4 6 7
Time taken by function: 46205 microseconds
